train_net: "./model/train.prototxt"
test_net: "./model/val.prototxt"
test_iter: 10
test_interval: 100000
base_lr: 9.99999974738e-05
display: 1000000
max_iter: 100000
lr_policy: "inv"
gamma: 0.10000000149
momentum: 0.899999976158
weight_decay: 0.00400000018999
stepsize: 20000
snapshot: 1000
snapshot_prefix: "snapshot"
solver_mode: GPU
iter_size: 1
type: "SGD"
